[2, 3]
[2, 4]
[3, 5]
[5, 7]
[8, 11]
[9, 13]
[14, 17]
[16, 19]
[21, 23]
[24, 29]
[28, 31]
[33, 37]
[35, 41]
[40, 43]
[45, 47]
[48, 53]
[56, 59]
[57, 61]
[63, 67]
[69, 71]
[68, 73]
[77, 79]
[74, 83]
[83, 89]
[92, 97]
[91, 101]
[96, 103]
[104, 107]
[101, 109]
[110, 113]
[120, 127]
[128, 131]
[134, 137]
[136, 139]
[144, 149]
[147, 151]
[153, 157]
[160, 163]
[165, 167]
[163, 173]
[168, 179]
[177, 181]
[189, 191]
[183, 193]
[192, 197]
[197, 199]
[208, 211]
[216, 223]
[218, 227]
[225, 229]
[230, 233]
[237, 239]
[234, 241]
[245, 251]
[254, 257]
[261, 263]
[259, 269]
[267, 271]
[273, 277]
[272, 281]
[274, 283]
[283, 293]
[298, 307]
[309, 311]
[308, 313]
[312, 317]
[328, 331]
[327, 337]
[344, 347]
[345, 349]
[350, 353]
[357, 359]
[359, 367]
[369, 373]
[376, 379]
[381, 383]
[384, 389]
[393, 397]
[392, 401]
[402, 409]
[416, 419]
[413, 421]
[426, 431]
[428, 433]
[429, 439]
[440, 443]
[440, 449]
[447, 457]
[451, 461]
[456, 463]
[458, 467]
[477, 479]
[480, 487]
[480, 491]
[494, 499]
[501, 503]
[499, 509]
[515, 521]
[514, 523]
[533, 541]
[543, 547]
[552, 557]
[554, 563]
[560, 569]
[564, 571]
[572, 577]
[578, 587]
[590, 593]
[597, 599]
[594, 601]
[600, 607]
[609, 613]
[614, 617]
[615, 619]
[628, 631]
[632, 641]
[634, 643]
[645, 647]
[648, 653]
[648, 659]
[657, 661]
[663, 673]
[667, 677]
[679, 683]
[685, 691]
[696, 701]
[701, 709]
[717, 719]
[720, 727]
[720, 733]
[733, 739]
[741, 743]
[749, 751]
[753, 757]
[755, 761]
[762, 769]
[763, 773]
[778, 787]
[787, 797]
[800, 809]
[808, 811]
[816, 821]
[816, 823]
[824, 827]
[825, 829]
[837, 839]
[840, 853]
[840, 857]
[856, 859]
[861, 863]
[870, 877]
[875, 881]
[879, 883]
[885, 887]
[904, 907]
[908, 911]
[914, 919]
[923, 929]
[930, 937]
[931, 941]
[944, 947]
[950, 953]
[960, 967]
[968, 971]
[974, 977]
[981, 983]
[987, 991]
[984, 997]
[998, 1009]
[1003, 1013]
[1008, 1019]
[1011, 1021]
[1029, 1031]
[1023, 1033]
[1026, 1039]
[1043, 1049]
[1047, 1051]
[1056, 1061]
[1056, 1063]
[1065, 1069]
[1080, 1087]
[1087, 1091]
[1088, 1093]
[1094, 1097]
[1100, 1103]
[1099, 1109]
[1113, 1117]
[1114, 1123]
[1118, 1129]
[1149, 1151]
[1148, 1153]
[1160, 1163]
[1164, 1171]
[1171, 1181]
[1184, 1187]
[1190, 1193]
[1190, 1201]
[1209, 1213]
[1214, 1217]
[1219, 1223]
[1224, 1229]
[1229, 1231]
[1233, 1237]
[1242, 1249]
[1256, 1259]
[1267, 1277]
[1277, 1279]
[1280, 1283]
[1280, 1289]
[1288, 1291]
[1287, 1297]
[1291, 1301]
[1296, 1303]
[1298, 1307]
[1317, 1319]
[1314, 1321]
[1320, 1327]
[1355, 1361]
[1365, 1367]
[1368, 1373]
[1373, 1381]
[1394, 1399]
[1400, 1409]
[1414, 1423]
[1418, 1427]
[1421, 1429]
[1430, 1433]
[1437, 1439]
[1440, 1447]
[1440, 1451]
[1446, 1453]
[1450, 1459]
[1467, 1471]
[1472, 1481]
[1474, 1483]
[1485, 1487]
[1482, 1489]
[1488, 1493]
[1488, 1499]
[1507, 1511]
[1520, 1523]
[1523, 1531]
[1536, 1543]
[1541, 1549]
[1550, 1553]
[1557, 1559]
[1560, 1567]
[1568, 1571]
[1576, 1579]
[1579, 1583]
[1590, 1597]
[1595, 1601]
[1605, 1607]
[1595, 1609]
[1603, 1613]
[1608, 1619]
[1605, 1621]
[1618, 1627]
[1627, 1637]
[1648, 1657]
[1656, 1663]
[1664, 1667]
[1665, 1669]
[1680, 1693]
[1694, 1697]
[1693, 1699]
[1704, 1709]
[1715, 1721]
[1714, 1723]
[1728, 1733]
[1734, 1741]
[1744, 1747]
[1747, 1753]
[1755, 1759]
[1772, 1777]
[1776, 1783]
[1784, 1787]
[1781, 1789]
[1790, 1801]
[1808, 1811]
[1821, 1823]
[1825, 1831]
[1845, 1847]
[1857, 1861]
[1858, 1867]
[1867, 1871]
[1858, 1873]
[1872, 1877]
[1875, 1879]
[1883, 1889]
[1896, 1901]
[1898, 1907]
[1910, 1913]
[1928, 1931]
[1928, 1933]
[1939, 1949]
[1949, 1951]
[1963, 1973]
[1976, 1979]
[1978, 1987]
[1988, 1993]
[1992, 1997]
[1996, 1999]
